[info]
version = 1
numobjects = 6
createdbysteamid = 76561197969378542
createdbyname = Monokuma
savedtime = 1576434111

[objects]
model_1 = 851
x_1 = -74931.2890625
y_1 = -165943.34375
z_1 = 3220.4326171875
rx_1 = 0.0
ry_1 = 0.0
rz_1 = 0.0
sx_1 = 0.99991273880005
sy_1 = 0.99991273880005
sz_1 = 0.99991273880005
model_2 = 851
x_2 = -75613.0859375
y_2 = -165913.0625
z_2 = 3219.7768554688
rx_2 = 0.0
ry_2 = 0.0
rz_2 = 0.0
sx_2 = 0.99995636940002
sy_2 = 0.99995636940002
sz_2 = 0.99995636940002
model_3 = 750
x_3 = -75755.953125
y_3 = -165799.53125
z_3 = 3220.5971679688
rx_3 = 0.0
ry_3 = 0.0
rz_3 = 0.0
sx_3 = 0.99991273880005
sy_3 = 0.99991273880005
sz_3 = 0.99991273880005
model_4 = 750
x_4 = -75759.921875
y_4 = -165813.640625
z_4 = 3500.8994140625
rx_4 = 0.0
ry_4 = 0.0
rz_4 = 0.0
sx_4 = 0.99991273880005
sy_4 = 0.99991273880005
sz_4 = 0.99991273880005
model_5 = 750
x_5 = -75704.59375
y_5 = -165844.0
z_5 = 3221.6135253906
rx_5 = 0.0
ry_5 = 0.0
rz_5 = 0.0
sx_5 = 1.0
sy_5 = 1.0
sz_5 = 1.0
model_6 = 750
x_6 = -75761.8828125
y_6 = -165821.109375
z_6 = 3202.8269042969
rx_6 = 0.0
ry_6 = 0.0
rz_6 = 0.0
sx_6 = 0.99991273880005
sy_6 = 0.99991273880005
sz_6 = 0.99991273880005