[info]
version = 1
numobjects = 9
createdbysteamid = 76561198127723875
createdbyname = Azgin [Maxime ducreux]
savedtime = 1576271061

[objects]
model_1 = 18
x_1 = -74519.96875
y_1 = -162463.78125
z_1 = 3219.5991210938
rx_1 = 0.0
ry_1 = 0.0
rz_1 = 0.0
sx_1 = 1.0
sy_1 = 1.0
sz_1 = 1.0
model_2 = 17
x_2 = -74306.578125
y_2 = -162469.4375
z_2 = 3219.1025390625
rx_2 = 0.0
ry_2 = 0.0
rz_2 = 0.0
sx_2 = 1.0
sy_2 = 1.0
sz_2 = 1.0
model_3 = 8
x_3 = -74530.6640625
y_3 = -163196.0
z_3 = 3223.658203125
rx_3 = 0.0
ry_3 = 0.0
rz_3 = 0.0
sx_3 = 1.0
sy_3 = 1.0
sz_3 = 1.0
model_4 = 7
x_4 = -74530.6640625
y_4 = -163196.0
z_4 = 3223.658203125
rx_4 = 0.0
ry_4 = 0.0
rz_4 = 0.0
sx_4 = 1.0
sy_4 = 1.0
sz_4 = 1.0
model_5 = 122
x_5 = -75617.5078125
y_5 = -161414.6875
z_5 = 3419.1105957031
rx_5 = 0.0
ry_5 = 0.0
rz_5 = 0.0
sx_5 = 0.99995636940002
sy_5 = 0.99995636940002
sz_5 = 0.99995636940002
model_6 = 42
x_6 = -75607.90625
y_6 = -161079.921875
z_6 = 3256.91796875
rx_6 = 0.0
ry_6 = 93.128799438477
rz_6 = 0.0
sx_6 = 0.99995636940002
sy_6 = 0.99995636940002
sz_6 = 0.99995636940002
model_7 = 123
x_7 = -75677.4375
y_7 = -161603.75
z_7 = 3327.3312988281
rx_7 = 0.0
ry_7 = 0.0
rz_7 = 0.0
sx_7 = 0.99995636940002
sy_7 = 0.99995636940002
sz_7 = 0.99995636940002
model_8 = 122
x_8 = -75703.0546875
y_8 = -161748.625
z_8 = 3599.8698730469
rx_8 = 0.0
ry_8 = 0.0
rz_8 = 0.0
sx_8 = 0.99995636940002
sy_8 = 0.99995636940002
sz_8 = 0.99995636940002
model_9 = 123
x_9 = -75669.46875
y_9 = -161899.390625
z_9 = 3567.0832519531
rx_9 = 0.0
ry_9 = 0.0
rz_9 = 0.0
sx_9 = 0.99995636940002
sy_9 = 0.99995636940002
sz_9 = 0.99995636940002