[info]
version = 1
numobjects = 17
createdbysteamid = 76561197969378542
createdbyname = OGK -- DeadlyKungFu.Ninja
savedtime = 1578171555

[objects]
model_1 = 876
x_1 = 20445.787109375
y_1 = 137555.078125
z_1 = 1639.2720947266
rx_1 = 0.0
ry_1 = -2.1215209960938
rz_1 = 0.0
sx_1 = 0.99995636940002
sy_1 = 0.99995636940002
sz_1 = 0.99995636940002
model_2 = 875
x_2 = 20497.837890625
y_2 = 132617.65625
z_2 = 1661.9193115234
rx_2 = 0.0
ry_2 = 90.393852233887
rz_2 = 0.0
sx_2 = 0.99995636940002
sy_2 = 0.99995636940002
sz_2 = 0.99995636940002
model_3 = 875
x_3 = 19325.4375
y_3 = 131433.984375
z_3 = 1692.0177001953
rx_3 = 0.0
ry_3 = 0.0
rz_3 = 0.0
sx_3 = 1.1926127672195
sy_3 = 0.99995636940002
sz_3 = 0.99995636940002
model_4 = 602
x_4 = -18131.791015625
y_4 = -32166.724609375
z_4 = 2101.7526855469
rx_4 = 0.0
ry_4 = 19.134958267212
rz_4 = 0.0
sx_4 = 0.99995636940002
sy_4 = 0.99995636940002
sz_4 = 0.99995636940002
model_5 = 603
x_5 = -18290.669921875
y_5 = -32214.650390625
z_5 = 2101.9650878906
rx_5 = 0.0
ry_5 = 20.946943283081
rz_5 = 0.0
sx_5 = 0.99995636940002
sy_5 = 0.99995636940002
sz_5 = 0.99995636940002
model_6 = 592
x_6 = -18358.484375
y_6 = -30948.4453125
z_6 = 2106.0056152344
rx_6 = 0.0
ry_6 = 23.221935272217
rz_6 = 0.0
sx_6 = 0.99995636940002
sy_6 = 0.99995636940002
sz_6 = 0.99995636940002
model_7 = 909
x_7 = -19396.818359375
y_7 = -31437.552734375
z_7 = 2101.9650878906
rx_7 = 0.0
ry_7 = -71.429557800293
rz_7 = 0.0
sx_7 = 1.1640063524246
sy_7 = 1.091819524765
sz_7 = 1.1124451160431
model_8 = 988
x_8 = -18919.296875
y_8 = -32976.09765625
z_8 = 2098.1643066406
rx_8 = 0.0
ry_8 = 21.657609939575
rz_8 = 0.0
sx_8 = 0.99995636940002
sy_8 = 0.99995636940002
sz_8 = 0.99995636940002
model_9 = 988
x_9 = -18917.68359375
y_9 = -32975.15625
z_9 = 2218.505859375
rx_9 = 0.0
ry_9 = 20.292932510376
rz_9 = 0.0
sx_9 = 0.99995636940002
sy_9 = 0.99995636940002
sz_9 = 0.99995636940002
model_10 = 1529
x_10 = -18570.70703125
y_10 = -32695.953125
z_10 = 2101.9650878906
rx_10 = 0.0
ry_10 = 20.999996185303
rz_10 = 0.0
sx_10 = 0.99995636940002
sy_10 = 0.99995636940002
sz_10 = 0.99995636940002
model_11 = 1557
x_11 = -19542.439453125
y_11 = -32455.884765625
z_11 = 2101.9650878906
rx_11 = 0.0
ry_11 = 20.059272766113
rz_11 = 0.0
sx_11 = 0.99995636940002
sy_11 = 0.99995636940002
sz_11 = 0.99995636940002
model_12 = 1557
x_12 = -19657.86328125
y_12 = -32501.24609375
z_12 = 2101.9650878906
rx_12 = 0.0
ry_12 = 20.520671844482
rz_12 = 0.0
sx_12 = 0.99995636940002
sy_12 = 0.99995636940002
sz_12 = 0.99995636940002
model_13 = 603
x_13 = -17360.54296875
y_13 = -31585.998046875
z_13 = 2105.1364746094
rx_13 = 0.0
ry_13 = 21.499654769897
rz_13 = 0.0
sx_13 = 0.99995636940002
sy_13 = 0.99995636940002
sz_13 = 0.99995636940002
model_14 = 603
x_14 = -17940.236328125
y_14 = -30866.80859375
z_14 = 2101.9650878906
rx_14 = 0.0
ry_14 = 22.587656021118
rz_14 = 0.0
sx_14 = 0.99995636940002
sy_14 = 0.99995636940002
sz_14 = 0.99995636940002
model_15 = 613
x_15 = -15617.741210938
y_15 = -31318.546875
z_15 = 2104.3205566406
rx_15 = 0.0
ry_15 = 111.18263244629
rz_15 = 0.0
sx_15 = 0.99995636940002
sy_15 = 0.99995636940002
sz_15 = 0.99995636940002
model_16 = 1529
x_16 = -17490.845703125
y_16 = -30943.279296875
z_16 = 2101.9650878906
rx_16 = 0.0
ry_16 = 22.646383285522
rz_16 = 0.0
sx_16 = 0.99995636940002
sy_16 = 0.99995636940002
sz_16 = 0.99995636940002
model_17 = 1529
x_17 = -16574.2421875
y_17 = -28810.5546875
z_17 = 2101.9650878906
rx_17 = 0.0
ry_17 = 21.644050598145
rz_17 = 0.0
sx_17 = 0.99995636940002
sy_17 = 0.99995636940002
sz_17 = 0.99995636940002