[info]
version = 1
numobjects = 9
createdbysteamid = 76561197969378542
createdbyname = OGK -- DeadlyKungFu.Ninja
savedtime = 1578152558

[objects]
model_1 = 573
x_1 = -19960.486328125
y_1 = -30053.34765625
z_1 = 2098.9201660156
rx_1 = 0.0
ry_1 = -159.55122375488
rz_1 = 0.0
sx_1 = 0.99995636940002
sy_1 = 0.99995636940002
sz_1 = 0.99995636940002
model_2 = 573
x_2 = -19578.10546875
y_2 = -29919.431640625
z_2 = 2102.3771972656
rx_2 = 0.0
ry_2 = -159.18934631348
rz_2 = 0.0
sx_2 = 0.99995636940002
sy_2 = 0.99995636940002
sz_2 = 0.99995636940002
model_3 = 573
x_3 = -18825.94921875
y_3 = -29639.0546875
z_3 = 2099.5659179688
rx_3 = 0.0
ry_3 = -161.19874572754
rz_3 = 0.0
sx_3 = 0.99995636940002
sy_3 = 0.99995636940002
sz_3 = 0.99995636940002
model_4 = 573
x_4 = -18460.41015625
y_4 = -29497.384765625
z_4 = 2101.6667480469
rx_4 = 0.0
ry_4 = -159.84567260742
rz_4 = 0.0
sx_4 = 0.99995636940002
sy_4 = 0.99995636940002
sz_4 = 0.99995636940002
model_5 = 573
x_5 = -17698.90234375
y_5 = -29227.03125
z_5 = 2096.4692382813
rx_5 = 0.0
ry_5 = -160.5166015625
rz_5 = 0.0
sx_5 = 0.99995636940002
sy_5 = 0.99995636940002
sz_5 = 0.99995636940002
model_6 = 573
x_6 = -17331.1015625
y_6 = -29082.98828125
z_6 = 2099.7248535156
rx_6 = 0.0
ry_6 = -159.73999023438
rz_6 = 0.0
sx_6 = 0.99995636940002
sy_6 = 0.99995636940002
sz_6 = 0.99995636940002
model_7 = 573
x_7 = -16006.344726563
y_7 = -29700.78515625
z_7 = 2101.9650878906
rx_7 = 0.0
ry_7 = 109.55788421631
rz_7 = 0.0
sx_7 = 0.99995636940002
sy_7 = 0.99995636940002
sz_7 = 0.99995636940002
model_8 = 573
x_8 = -15729.403320313
y_8 = -30450.2109375
z_8 = 2101.9650878906
rx_8 = 0.0
ry_8 = 109.7163848877
rz_8 = 0.0
sx_8 = 0.99995636940002
sy_8 = 0.99995636940002
sz_8 = 0.99995636940002
model_9 = 573
x_9 = -15457.248046875
y_9 = -31204.91015625
z_9 = 2101.3645019531
rx_9 = 0.0
ry_9 = 110.84190368652
rz_9 = 0.0
sx_9 = 0.99995636940002
sy_9 = 0.99995636940002
sz_9 = 0.99995636940002