[info]
version = 1
numobjects = 7
createdbysteamid = 76561197969378542
createdbyname = OGK -- DeadlyKungFu.Ninja
savedtime = 1578234946

[objects]
model_1 = 603
x_1 = -15479.626953125
y_1 = -32038.49609375
z_1 = 2101.9650878906
rx_1 = 0.0
ry_1 = 17.500354766846
rz_1 = 0.0
sx_1 = 0.99995636940002
sy_1 = 0.99995636940002
sz_1 = 0.99995636940002
model_2 = 603
x_2 = -19451.2890625
y_2 = -33509.5703125
z_2 = 2101.9650878906
rx_2 = 0.0
ry_2 = 26.414339065552
rz_2 = 0.0
sx_2 = 0.99995636940002
sy_2 = 0.99995636940002
sz_2 = 0.99995636940002
model_3 = 603
x_3 = -19630.388671875
y_3 = -33334.015625
z_3 = 2101.9650878906
rx_3 = 0.0
ry_3 = 19.695821762085
rz_3 = 0.0
sx_3 = 0.99995636940002
sy_3 = 0.99995636940002
sz_3 = 0.99995636940002
model_4 = 603
x_4 = -20575.259765625
y_4 = -30663.0078125
z_4 = 2101.9650878906
rx_4 = 0.0
ry_4 = 23.886548995972
rz_4 = 0.0
sx_4 = 0.99995636940002
sy_4 = 0.99995636940002
sz_4 = 0.99995636940002
model_5 = 603
x_5 = -20487.9140625
y_5 = -30360.26171875
z_5 = 2101.9650878906
rx_5 = 0.0
ry_5 = 16.568075180054
rz_5 = 0.0
sx_5 = 0.99995636940002
sy_5 = 0.99995636940002
sz_5 = 0.99995636940002
model_6 = 603
x_6 = -16586.31640625
y_6 = -28963.56640625
z_6 = 2101.9650878906
rx_6 = 0.0
ry_6 = 28.438646316528
rz_6 = 0.0
sx_6 = 0.99995636940002
sy_6 = 0.99995636940002
sz_6 = 0.99995636940002
model_7 = 603
x_7 = -15382.217773438
y_7 = -31715.646484375
z_7 = 2101.9650878906
rx_7 = 0.0
ry_7 = 19.228603363037
rz_7 = 0.0
sx_7 = 0.99995636940002
sy_7 = 0.99995636940002
sz_7 = 0.99995636940002