[info]
version = 1
numobjects = 4
createdbysteamid = 76561198127723875
createdbyname = Azgin [Maxime ducreux]
savedtime = 1576270899

[objects]
model_1 = 7
x_1 = -74530.6640625
y_1 = -163196.0
z_1 = 3223.658203125
rx_1 = 0.0
ry_1 = 0.0
rz_1 = 0.0
sx_1 = 1.0
sy_1 = 1.0
sz_1 = 1.0
model_2 = 18
x_2 = -74519.96875
y_2 = -162463.78125
z_2 = 3219.5991210938
rx_2 = 0.0
ry_2 = 0.0
rz_2 = 0.0
sx_2 = 1.0
sy_2 = 1.0
sz_2 = 1.0
model_3 = 17
x_3 = -74306.578125
y_3 = -162469.4375
z_3 = 3219.1025390625
rx_3 = 0.0
ry_3 = 0.0
rz_3 = 0.0
sx_3 = 1.0
sy_3 = 1.0
sz_3 = 1.0
model_4 = 8
x_4 = -74530.6640625
y_4 = -163196.0
z_4 = 3223.658203125
rx_4 = 0.0
ry_4 = 0.0
rz_4 = 0.0
sx_4 = 1.0
sy_4 = 1.0
sz_4 = 1.0