[info]
version = 1
numobjects = 12
createdbysteamid = 76561198183455042
createdbyname = Jokinesse
savedtime = 1576785466

[objects]
model_1 = 315
x_1 = 50169.1015625
y_1 = 185699.5625
z_1 = 206.00659179688
rx_1 = 0.0
ry_1 = 0.0
rz_1 = 0.0
sx_1 = 1.0
sy_1 = 1.0
sz_1 = 1.0
model_2 = 315
x_2 = 44700.4609375
y_2 = 195721.59375
z_2 = 452.86267089844
rx_2 = 0.0
ry_2 = -89.978820800781
rz_2 = 0.0
sx_2 = 24.135858535767
sy_2 = 1.7156790494919
sz_2 = 4.1058931350708
model_3 = 315
x_3 = 44705.58984375
y_3 = 188480.921875
z_3 = 452.86267089844
rx_3 = 0.00043030187953264
ry_3 = 179.82801818848
rz_3 = 0.0036647852975875
sx_3 = 17.530481338501
sy_3 = 1.8818978071213
sz_3 = 4.0927324295044
model_4 = 102
x_4 = 38237.0625
y_4 = 201041.796875
z_4 = 1457.1474609375
rx_4 = 0.0
ry_4 = -91.046875
rz_4 = 0.0628467425704
sx_4 = 0.085888333618641
sy_4 = 0.34211617708206
sz_4 = 0.95491719245911
model_5 = 315
x_5 = 36707.87109375
y_5 = 202260.796875
z_5 = 519.42193603516
rx_5 = -0.0041186036542058
ry_5 = 89.587455749512
rz_5 = -0.0040893550030887
sx_5 = 27.915866851807
sy_5 = 2.4626686573029
sz_5 = 3.7855243682861
model_6 = 315
x_6 = 38345.515625
y_6 = 199672.75
z_6 = 452.95678710938
rx_6 = 0.0
ry_6 = 0.0
rz_6 = 0.0
sx_6 = 1.0
sy_6 = 1.0
sz_6 = 1.0
model_7 = 315
x_7 = 39450.27734375
y_7 = 188497.640625
z_7 = 464.21871948242
rx_7 = 0.10702905803919
ry_7 = -179.86302185059
rz_7 = -0.00274658203125
sx_7 = 9.5447826385498
sy_7 = 1.533846616745
sz_7 = 4.0270581245422
model_8 = 315
x_8 = 36764.51953125
y_8 = 210610.234375
z_8 = 521.83160400391
rx_8 = 0.0
ry_8 = 0.0
rz_8 = 0.0
sx_8 = 26.466342926025
sy_8 = 0.99995636940002
sz_8 = 3.7667944431305
model_9 = 315
x_9 = 36626.44140625
y_9 = 188501.671875
z_9 = 465.58874511719
rx_9 = -0.0068370187655091
ry_9 = 89.629936218262
rz_9 = -0.0040893545374274
sx_9 = 46.946128845215
sy_9 = 1.3490059375763
sz_9 = 4.0587077140808
model_10 = 315
x_10 = 44702.171875
y_10 = 210605.140625
z_10 = 499.27917480469
rx_10 = -0.0013728679623455
ry_10 = -89.884643554688
rz_10 = -0.001373291015625
sx_10 = 31.623128890991
sy_10 = 1.2207845449448
sz_10 = 3.9017424583435
model_11 = 327
x_11 = 36748.85546875
y_11 = 201580.875
z_11 = 470.96264648438
rx_11 = 0.0
ry_11 = 0.0
rz_11 = 0.0
sx_11 = 1.0
sy_11 = 1.0
sz_11 = 1.0
model_12 = 315
x_12 = 44723.82421875
y_12 = 201126.28125
z_12 = 455.78817749023
rx_12 = -0.0013728679623455
ry_12 = -90.26114654541
rz_12 = -0.0013732912484556
sx_12 = 18.034404754639
sy_12 = 1.4968008995056
sz_12 = 4.1227884292603