[info]
version = 1
numobjects = 14
createdbysteamid = 76561197969378542
createdbyname = Monokuma
savedtime = 1576457030

[objects]
model_1 = 603
x_1 = -80628.28125
y_1 = -163675.890625
z_1 = 3210.2211914062
rx_1 = 0.0
ry_1 = 0.0
rz_1 = 0.0
sx_1 = 0.99995636940002
sy_1 = 0.99995636940002
sz_1 = 0.99995636940002
model_2 = 650
x_2 = -80541.21875
y_2 = -163661.6875
z_2 = 3219.3078613281
rx_2 = 0.0
ry_2 = 0.0
rz_2 = 0.0
sx_2 = 1.0
sy_2 = 1.0
sz_2 = 1.0
model_3 = 200
x_3 = -79374.5625
y_3 = -166186.828125
z_3 = 3220.134765625
rx_3 = 0.0
ry_3 = 0.0
rz_3 = 0.0
sx_3 = 1.0
sy_3 = 1.0
sz_3 = 1.0
model_4 = 210
x_4 = -79395.3203125
y_4 = -166198.140625
z_4 = 3215.6508789062
rx_4 = 0.0
ry_4 = 0.0
rz_4 = 0.0
sx_4 = 1.0
sy_4 = 1.0
sz_4 = 1.0
model_5 = 908
x_5 = -77966.1015625
y_5 = -164768.59375
z_5 = 3216.2221679688
rx_5 = 0.0
ry_5 = 0.0
rz_5 = 0.0
sx_5 = 0.99995636940002
sy_5 = 0.99995636940002
sz_5 = 0.99995636940002
model_6 = 974
x_6 = -76339.7578125
y_6 = -164539.21875
z_6 = 3305.0275878906
rx_6 = 0.0
ry_6 = 0.0
rz_6 = 0.0
sx_6 = 0.99995636940002
sy_6 = 0.99995636940002
sz_6 = 0.99995636940002
model_7 = 969
x_7 = -76389.1328125
y_7 = -164704.75
z_7 = 3305.0275878906
rx_7 = 0.0
ry_7 = 0.0
rz_7 = 0.0
sx_7 = 0.99995636940002
sy_7 = 0.99995636940002
sz_7 = 0.99995636940002
model_8 = 969
x_8 = -74114.5234375
y_8 = -164602.9375
z_8 = 3306.9865722656
rx_8 = 0.0
ry_8 = 0.0
rz_8 = 0.0
sx_8 = 0.99995636940002
sy_8 = 0.99995636940002
sz_8 = 0.99995636940002
model_9 = 1230
x_9 = -75979.6328125
y_9 = -162711.671875
z_9 = 3281.1501464844
rx_9 = 0.0
ry_9 = 0.0
rz_9 = 0.0
sx_9 = 0.99995636940002
sy_9 = 0.99995636940002
sz_9 = 0.99995636940002
model_10 = 603
x_10 = -76442.0703125
y_10 = -159675.6875
z_10 = 3331.0
rx_10 = 0.0
ry_10 = 0.0
rz_10 = 0.0
sx_10 = 0.99995636940002
sy_10 = 0.99995636940002
sz_10 = 0.99995636940002
model_11 = 603
x_11 = -78587.0078125
y_11 = -162215.484375
z_11 = 3224.1787109375
rx_11 = 0.0
ry_11 = 0.0
rz_11 = 0.0
sx_11 = 0.99995636940002
sy_11 = 0.99995636940002
sz_11 = 0.99995636940002
model_12 = 603
x_12 = -80791.375
y_12 = -159954.4375
z_12 = 3222.5717773438
rx_12 = 0.0
ry_12 = 0.0
rz_12 = 0.0
sx_12 = 0.99995636940002
sy_12 = 0.99995636940002
sz_12 = 0.99995636940002
model_13 = 603
x_13 = -80644.5390625
y_13 = -159959.6875
z_13 = 3240.5397949219
rx_13 = 0.0
ry_13 = 0.0
rz_13 = 0.0
sx_13 = 1.0
sy_13 = 1.0
sz_13 = 1.0
model_14 = 603
x_14 = -80829.7734375
y_14 = -161840.890625
z_14 = 3223.1789550781
rx_14 = 0.0
ry_14 = 0.0
rz_14 = 0.0
sx_14 = 1.0
sy_14 = 1.0
sz_14 = 1.0