[info]
version = 1
numobjects = 1
createdbysteamid = 76561198129072646
createdbyname = Friizi
savedtime = 1576287294

[objects]
model_1 = 41
x_1 = 207903.765625
y_1 = 189602.796875
z_1 = 1208.9569091797
rx_1 = 0.0
ry_1 = 0.0
rz_1 = 0.0
sx_1 = 1.0
sy_1 = 1.0
sz_1 = 1.0