[info]
version = 1
numobjects = 12
createdbysteamid = 76561197969378542
createdbyname = DeadlyKungFu.Ninja
savedtime = 1576961085

[objects]
model_1 = 313
x_1 = 42703.0703125
y_1 = 206769.546875
z_1 = 452.86267089844
rx_1 = 0.0
ry_1 = 0.0
rz_1 = 0.0
sx_1 = 2.9006695747375
sy_1 = 0.99995636940002
sz_1 = 3.9696569442749
model_2 = 313
x_2 = 43584.42578125
y_2 = 206769.1875
z_2 = 458.61437988281
rx_2 = 0.0
ry_2 = 0.0
rz_2 = 0.0
sx_2 = 3.6641230583191
sy_2 = 0.99995636940002
sz_2 = 3.947160243988
model_3 = 313
x_3 = 41763.81640625
y_3 = 200878.171875
z_3 = 452.96258544922
rx_3 = 0.0
ry_3 = 0.0
rz_3 = 0.0
sx_3 = 4.2105236053467
sy_3 = 0.99995636940002
sz_3 = 2.8232152462006
model_4 = 302
x_4 = 43441.32421875
y_4 = 199746.375
z_4 = 442.41915893555
rx_4 = -0.00061471702065319
ry_4 = -40.080978393555
rz_4 = -0.00061035150429234
sx_4 = 0.99991273880005
sy_4 = 0.99991273880005
sz_4 = 0.99991273880005
model_5 = 302
x_5 = 43325.80859375
y_5 = 199842.375
z_5 = 444.26211547852
rx_5 = -0.00061471702065319
ry_5 = -39.974807739258
rz_5 = -0.00061035150429234
sx_5 = 0.99991273880005
sy_5 = 0.99991273880005
sz_5 = 0.99991273880005
model_6 = 297
x_6 = 43339.19140625
y_6 = 199820.671875
z_6 = 673.75274658203
rx_6 = -88.439521789551
ry_6 = -168.97184753418
rz_6 = 124.72211456299
sx_6 = 0.56410264968872
sy_6 = 3.4294261932373
sz_6 = 2.619749546051
model_7 = 301
x_7 = 43810.08984375
y_7 = 199484.328125
z_7 = 477.45391845703
rx_7 = 0.0
ry_7 = -4.8703331947327
rz_7 = 0.0
sx_7 = 0.99995636940002
sy_7 = 0.99995636940002
sz_7 = 0.99995636940002
model_8 = 171
x_8 = 44000.3203125
y_8 = 201594.328125
z_8 = 451.03833007812
rx_8 = 0.0
ry_8 = -24.140542984009
rz_8 = 0.0
sx_8 = 0.99995636940002
sy_8 = 0.99995636940002
sz_8 = 0.99995636940002
model_9 = 602
x_9 = 44255.94921875
y_9 = 201596.546875
z_9 = 452.86260986328
rx_9 = 0.0
ry_9 = 0.0
rz_9 = 0.0
sx_9 = 1.0
sy_9 = 1.0
sz_9 = 1.0
model_10 = 313
x_10 = 41733.45703125
y_10 = 206757.546875
z_10 = 477.41162109375
rx_10 = 0.0
ry_10 = 0.0
rz_10 = 0.0
sx_10 = 3.0349543094635
sy_10 = 0.99994641542435
sz_10 = 3.8222362995148
model_11 = 603
x_11 = 42542.359375
y_11 = 204166.859375
z_11 = 452.96264648438
rx_11 = 0.0
ry_11 = 0.0
rz_11 = 0.0
sx_11 = 1.0
sy_11 = 1.0
sz_11 = 1.0
model_12 = 1369
x_12 = 43448.62890625
y_12 = 202599.734375
z_12 = 450.50198364258
rx_12 = 0.0
ry_12 = -1.0541076660156
rz_12 = 0.0
sx_12 = 0.99986910820007
sy_12 = 0.99986910820007
sz_12 = 0.99986910820007