[info]
version = 1
numobjects = 13
createdbysteamid = 76561197969378542
createdbyname = OGK -- DeadlyKungFu.Ninja
savedtime = 1577400590

[objects]
model_1 = 257
x_1 = 18149.05859375
y_1 = 140334.734375
z_1 = 1457.8015136719
rx_1 = 0.0
ry_1 = -19.358581542969
rz_1 = 0.0
sx_1 = 0.99995636940002
sy_1 = 0.99995636940002
sz_1 = 0.99995636940002
model_2 = 257
x_2 = 18648.494140625
y_2 = 140956.0625
z_2 = 1457.8167724609
rx_2 = 0.0
ry_2 = -25.40421295166
rz_2 = 0.0
sx_2 = 0.99995636940002
sy_2 = 0.99995636940002
sz_2 = 0.99995636940002
model_3 = 257
x_3 = 18445.5078125
y_3 = 140227.21875
z_3 = 1457.8081054688
rx_3 = 0.0
ry_3 = -21.159172058105
rz_3 = 0.0
sx_3 = 0.99995636940002
sy_3 = 0.99995636940002
sz_3 = 0.99995636940002
model_4 = 257
x_4 = 18741.24609375
y_4 = 140119.4375
z_4 = 1457.8083496094
rx_4 = 0.0
ry_4 = 68.170532226563
rz_4 = 0.0
sx_4 = 0.99995636940002
sy_4 = 0.99995636940002
sz_4 = 0.99995636940002
model_5 = 257
x_5 = 18904.517578125
y_5 = 140714.234375
z_5 = 1457.8143310547
rx_5 = 0.0
ry_5 = -99.477279663086
rz_5 = 0.0
sx_5 = 0.99995636940002
sy_5 = 0.83373498916626
sz_5 = 0.99995636940002
model_6 = 271
x_6 = 18917.498046875
y_6 = 140817.8125
z_6 = 1457.8120117188
rx_6 = 0.0
ry_6 = -98.576301574707
rz_6 = 0.0
sx_6 = 0.63593751192093
sy_6 = 1.1983944177628
sz_6 = 0.99995636940002
model_7 = 257
x_7 = 17615.806640625
y_7 = 140848.046875
z_7 = 1457.80859375
rx_7 = 0.0
ry_7 = -106.12562561035
rz_7 = 0.0
sx_7 = 0.99995636940002
sy_7 = 0.99995636940002
sz_7 = 0.99995636940002
model_8 = 257
x_8 = 17623.37109375
y_8 = 140869.640625
z_8 = 1458.2028808594
rx_8 = 0.0
ry_8 = 70.109466552734
rz_8 = 0.0
sx_8 = 0.99995636940002
sy_8 = 0.99995636940002
sz_8 = 0.99995636940002
model_9 = 257
x_9 = 17743.509765625
y_9 = 141166.3125
z_9 = 1457.8059082031
rx_9 = -0.00015709434228484
ry_9 = 9.8639135360718
rz_9 = -0.00015258787607308
sx_9 = 0.99986910820007
sy_9 = 0.99986910820007
sz_9 = 0.99986910820007
model_10 = 257
x_10 = 18064.796875
y_10 = 141223.015625
z_10 = 1457.8188476563
rx_10 = 0.0
ry_10 = -21.165243148804
rz_10 = 0.0
sx_10 = 0.99995636940002
sy_10 = 0.99995636940002
sz_10 = 0.99995636940002
model_11 = 257
x_11 = 18365.2421875
y_11 = 141103.75
z_11 = 1457.8133544922
rx_11 = -0.00042347170528956
ry_11 = -27.269176483154
rz_11 = -0.00042724603554234
sx_11 = 0.99991273880005
sy_11 = 0.99991273880005
sz_11 = 0.99991273880005
model_12 = 257
x_12 = 17556.8125
y_12 = 140550.8125
z_12 = 1457.8087158203
rx_12 = 0.0
ry_12 = -18.052284240723
rz_12 = 0.0
sx_12 = 0.99995636940002
sy_12 = 0.99995636940002
sz_12 = 0.99995636940002
model_13 = 257
x_13 = 17858.5703125
y_13 = 140447.703125
z_13 = 1457.8074951172
rx_13 = 0.0
ry_13 = -20.134670257568
rz_13 = 0.0
sx_13 = 0.99995636940002
sy_13 = 0.99995636940002
sz_13 = 0.99995636940002