[info]
version = 1
numobjects = 7
createdbysteamid = 76561197969378542
createdbyname = OGK -- DeadlyKungFu.Ninja
savedtime = 1578224519

[objects]
model_1 = 302
x_1 = -109574.7578125
y_1 = 224380.390625
z_1 = 271.03915405273
rx_1 = -0.050297509878874
ry_1 = 10.860825538635
rz_1 = 0.33146667480469
sx_1 = 0.99995636940002
sy_1 = 0.99995636940002
sz_1 = 0.99995636940002
model_2 = 302
x_2 = -109571.6484375
y_2 = 224227.671875
z_2 = 273.17156982422
rx_2 = 0.0
ry_2 = 98.686782836914
rz_2 = 0.061660561710596
sx_2 = 0.99995636940002
sy_2 = 0.99995636940002
sz_2 = 0.99995636940002
model_3 = 282
x_3 = -107217.828125
y_3 = 224086.0
z_3 = 302.2487487793
rx_3 = 0.0
ry_3 = 14.548722267151
rz_3 = 0.0
sx_3 = 0.99995636940002
sy_3 = 0.99995636940002
sz_3 = 0.99995636940002
model_4 = 288
x_4 = -110765.140625
y_4 = 226322.65625
z_4 = 276.69592285156
rx_4 = 0.0
ry_4 = 54.094547271729
rz_4 = 0.0
sx_4 = 0.99995636940002
sy_4 = 0.99995636940002
sz_4 = 0.99995636940002
model_5 = 288
x_5 = -110567.9296875
y_5 = 226582.34375
z_5 = 260.12365722656
rx_5 = 0.0
ry_5 = 51.33715057373
rz_5 = 0.0
sx_5 = 0.99995636940002
sy_5 = 0.99995636940002
sz_5 = 0.99995636940002
model_6 = 288
x_6 = -111079.7109375
y_6 = 226010.90625
z_6 = 280.36361694336
rx_6 = -0.55239832401276
ry_6 = 47.635932922363
rz_6 = -0.73336786031723
sx_6 = 0.99995636940002
sy_6 = 0.99995636940002
sz_6 = 0.99995636940002
model_7 = 791
x_7 = -109607.453125
y_7 = 223633.515625
z_7 = 278.70053100586
rx_7 = 0.0
ry_7 = 21.45072555542
rz_7 = 0.0
sx_7 = 0.99995636940002
sy_7 = 0.99995636940002
sz_7 = 0.99995636940002