[info]
version = 1
numobjects = 13
createdbysteamid = 76561197969378542
createdbyname = OGK -- DeadlyKungFu.Ninja
savedtime = 1578174696

[objects]
model_1 = 791
x_1 = -109384.859375
y_1 = 223218.078125
z_1 = 80.949371337891
rx_1 = -0.0037224527914077
ry_1 = -81.057029724121
rz_1 = -0.00372314453125
sx_1 = 0.99986910820007
sy_1 = 0.99986910820007
sz_1 = 0.99986910820007
model_2 = 791
x_2 = -109427.015625
y_2 = 223492.421875
z_2 = 81.490600585938
rx_2 = -0.0012226038379595
ry_2 = -79.58438873291
rz_2 = -0.001220703125
sx_2 = 0.99991273880005
sy_2 = 0.99991273880005
sz_2 = 0.99991273880005
model_3 = 791
x_3 = -109498.828125
y_3 = 223793.359375
z_3 = 85.031326293945
rx_3 = 0.0
ry_3 = -76.475189208984
rz_3 = 0.0
sx_3 = 0.99995636940002
sy_3 = 0.99995636940002
sz_3 = 0.99995636940002
model_4 = 791
x_4 = -109609.640625
y_4 = 223632.59375
z_4 = 81.648971557617
rx_4 = 0.0
ry_4 = 21.391492843628
rz_4 = 0.0
sx_4 = 0.99995636940002
sy_4 = 0.99995636940002
sz_4 = 0.99995636940002
model_5 = 282
x_5 = -107223.5234375
y_5 = 224084.328125
z_5 = 94.522994995117
rx_5 = 0.0
ry_5 = 14.319086074829
rz_5 = 0.0
sx_5 = 0.99995636940002
sy_5 = 0.99995636940002
sz_5 = 0.99995636940002
model_6 = 988
x_6 = -108312.2421875
y_6 = 226646.171875
z_6 = 69.675903320313
rx_6 = 0.0
ry_6 = 0.0
rz_6 = 0.0
sx_6 = 0.99995636940002
sy_6 = 0.99995636940002
sz_6 = 0.99995636940002
model_7 = 988
x_7 = -108313.5234375
y_7 = 226650.390625
z_7 = 203.85998535156
rx_7 = 0.0
ry_7 = 0.0
rz_7 = 0.0
sx_7 = 0.99995636940002
sy_7 = 0.99995636940002
sz_7 = 0.99995636940002
model_8 = 909
x_8 = -108593.4921875
y_8 = 224807.1875
z_8 = 83.395401000977
rx_8 = 0.0
ry_8 = 0.0
rz_8 = 0.0
sx_8 = 0.99995636940002
sy_8 = 0.99995636940002
sz_8 = 0.99995636940002
model_9 = 1124
x_9 = -107442.125
y_9 = 226223.46875
z_9 = 77.297836303711
rx_9 = 0.0
ry_9 = 0.0
rz_9 = 0.0
sx_9 = 0.99995636940002
sy_9 = 0.99995636940002
sz_9 = 0.99995636940002
model_10 = 1124
x_10 = -107452.109375
y_10 = 226229.4375
z_10 = 122.72758483887
rx_10 = 0.0
ry_10 = 0.0
rz_10 = 0.0
sx_10 = 0.99995636940002
sy_10 = 0.99995636940002
sz_10 = 0.99995636940002
model_11 = 1367
x_11 = -108101.578125
y_11 = 226320.75
z_11 = 76.270454406738
rx_11 = 0.0
ry_11 = -3.8589799404144
rz_11 = 0.0
sx_11 = 0.99995636940002
sy_11 = 0.99995636940002
sz_11 = 0.99995636940002
model_12 = 909
x_12 = -107598.4296875
y_12 = 225196.546875
z_12 = 82.396461486816
rx_12 = 0.0
ry_12 = 52.066707611084
rz_12 = 0.0
sx_12 = 0.99995636940002
sy_12 = 0.99995636940002
sz_12 = 0.99995636940002
model_13 = 603
x_13 = -109976.4375
y_13 = 224841.09375
z_13 = 89.816940307617
rx_13 = 0.0
ry_13 = 37.4375
rz_13 = 0.0
sx_13 = 0.99995636940002
sy_13 = 0.99995636940002
sz_13 = 0.99995636940002