[info]
version = 1
numobjects = 1
createdbysteamid = 76561197969378542
createdbyname = OGK -- DeadlyKungFu.Ninja
savedtime = 1578164055

[objects]
model_1 = 288
x_1 = -108503.3125
y_1 = 223366.484375
z_1 = 308.8508605957
rx_1 = 0.0
ry_1 = 100.70614624023
rz_1 = 0.0
sx_1 = 0.99995636940002
sy_1 = 0.99995636940002
sz_1 = 0.99995636940002