[info]
version = 1
numobjects = 2
createdbysteamid = 76561197969378542
createdbyname = OGK -- DeadlyKungFu.Ninja
savedtime = 1578147665

[objects]
model_1 = 292
x_1 = -110566.1640625
y_1 = 226583.859375
z_1 = 296.55355834961
rx_1 = 0.0
ry_1 = 52.49747467041
rz_1 = 0.0
sx_1 = 0.99995636940002
sy_1 = 0.99995636940002
sz_1 = 0.99995636940002
model_2 = 292
x_2 = -110762.3671875
y_2 = 226321.046875
z_2 = 315.85296630859
rx_2 = -0.00085377361392602
ry_2 = 55.321514129639
rz_2 = -0.0008544921875
sx_2 = 0.99991273880005
sy_2 = 0.99991273880005
sz_2 = 0.99991273880005