[info]
version = 1
numobjects = 3
createdbysteamid = 76561197969378542
createdbyname = OGK -- DeadlyKungFu.Ninja
savedtime = 1578170226

[objects]
model_1 = 876
x_1 = 20445.787109375
y_1 = 137555.078125
z_1 = 1639.2720947266
rx_1 = 0.0
ry_1 = -2.1215209960938
rz_1 = 0.0
sx_1 = 0.99995636940002
sy_1 = 0.99995636940002
sz_1 = 0.99995636940002
model_2 = 875
x_2 = 20497.837890625
y_2 = 132617.65625
z_2 = 1661.9193115234
rx_2 = 0.0
ry_2 = 90.393852233887
rz_2 = 0.0
sx_2 = 0.99995636940002
sy_2 = 0.99995636940002
sz_2 = 0.99995636940002
model_3 = 875
x_3 = 19325.4375
y_3 = 131433.984375
z_3 = 1692.0177001953
rx_3 = 0.0
ry_3 = 0.0
rz_3 = 0.0
sx_3 = 1.1926127672195
sy_3 = 0.99995636940002
sz_3 = 0.99995636940002