[info]
version = 1
numobjects = 10
createdbysteamid = 76561197969378542
createdbyname = OGK -- DeadlyKungFu.Ninja
savedtime = 1577408361

[objects]
model_1 = 328
x_1 = 18325.6953125
y_1 = 136195.3125
z_1 = 1470.4329833984
rx_1 = 0.0
ry_1 = 89.309921264648
rz_1 = 0.0
sx_1 = 1.4233995676041
sy_1 = 1.0048366785049
sz_1 = 1.1349431276321
model_2 = 355
x_2 = 17889.544921875
y_2 = 135958.359375
z_2 = 1457.2932128906
rx_2 = 0.0
ry_2 = 0.0
rz_2 = 0.0
sx_2 = 2.0762419700623
sy_2 = 1.7732504606247
sz_2 = 3.1822385787964
model_3 = 374
x_3 = 15039.91015625
y_3 = 135395.578125
z_3 = 1457.8073730469
rx_3 = 0.0
ry_3 = 0.0
rz_3 = 0.0
sx_3 = 1.0
sy_3 = 1.0
sz_3 = 1.0
model_4 = 374
x_4 = 19202.5546875
y_4 = 133006.15625
z_4 = 1457.8116455078
rx_4 = 0.0
ry_4 = 0.0
rz_4 = 0.0
sx_4 = 1.0
sy_4 = 1.0
sz_4 = 1.0
model_5 = 562
x_5 = 17006.13671875
y_5 = 136536.5
z_5 = 1457.8009033203
rx_5 = 0.0
ry_5 = 0.0
rz_5 = 0.0
sx_5 = 1.0
sy_5 = 1.0
sz_5 = 1.0
model_6 = 562
x_6 = 17113.3828125
y_6 = 136532.140625
z_6 = 1459.0943603516
rx_6 = 0.0
ry_6 = 0.0
rz_6 = 0.0
sx_6 = 0.99995636940002
sy_6 = 0.99995636940002
sz_6 = 0.99995636940002
model_7 = 566
x_7 = 19553.26953125
y_7 = 134591.109375
z_7 = 1457.81640625
rx_7 = 0.0
ry_7 = 41.966262817383
rz_7 = 0.0
sx_7 = 0.99995636940002
sy_7 = 0.99995636940002
sz_7 = 0.99995636940002
model_8 = 603
x_8 = 18859.25390625
y_8 = 135785.59375
z_8 = 1461.3840332031
rx_8 = 0.0
ry_8 = 0.0
rz_8 = 0.0
sx_8 = 0.99995636940002
sy_8 = 0.99995636940002
sz_8 = 0.99995636940002
model_9 = 906
x_9 = 20399.53515625
y_9 = 137587.625
z_9 = 1700.1461181641
rx_9 = 0.0
ry_9 = 4.5966649055481
rz_9 = 0.0
sx_9 = 0.99995636940002
sy_9 = 0.99995636940002
sz_9 = 0.99995636940002
model_10 = 906
x_10 = 20359.078125
y_10 = 137719.453125
z_10 = 1702.6325683594
rx_10 = 0.0
ry_10 = -84.767822265625
rz_10 = 0.0
sx_10 = 0.99995636940002
sy_10 = 0.99995636940002
sz_10 = 0.99995636940002