[info]
version = 1
numobjects = 1
createdbysteamid = 76561197969378542
createdbyname = Monokuma
savedtime = 1576458816

[objects]
model_1 = 302
x_1 = -13842.819335938
y_1 = 136190.140625
z_1 = 1448.2862548828
rx_1 = 0.0
ry_1 = 0.0
rz_1 = 0.0
sx_1 = 0.99995636940002
sy_1 = 0.99995636940002
sz_1 = 0.99995636940002