[info]
version = 1
numobjects = 2
createdbysteamid = 76561197969378542
createdbyname = OGK -- DeadlyKungFu.Ninja
savedtime = 1577398919

[objects]
model_1 = 214
x_1 = -76753.765625
y_1 = -162298.796875
z_1 = 3693.892578125
rx_1 = 0.0
ry_1 = 0.0
rz_1 = 0.0
sx_1 = 0.99986910820007
sy_1 = 0.99986910820007
sz_1 = 0.99986910820007
model_2 = 214
x_2 = -76746.609375
y_2 = -162355.0
z_2 = 3692.2280273438
rx_2 = 0.0
ry_2 = 0.0
rz_2 = 0.0
sx_2 = 0.99995082616806
sy_2 = 0.99936044216156
sz_2 = 1.1124172210693