[info]
version = 1
numobjects = 3
createdbysteamid = 76561197969378542
createdbyname = Monokuma
savedtime = 1576457918

[objects]
model_1 = 603
x_1 = -78827.5859375
y_1 = -159819.734375
z_1 = 3214.1037597656
rx_1 = 0.0
ry_1 = 0.0
rz_1 = 0.0
sx_1 = 0.99995636940002
sy_1 = 0.99995636940002
sz_1 = 0.99995636940002
model_2 = 603
x_2 = -78906.5078125
y_2 = -159682.140625
z_2 = 3614.3718261719
rx_2 = 0.0
ry_2 = 0.0
rz_2 = 0.0
sx_2 = 0.99995636940002
sy_2 = 0.99995636940002
sz_2 = 0.99995636940002
model_3 = 603
x_3 = -78824.078125
y_3 = -159702.84375
z_3 = 3208.2565917969
rx_3 = 0.0
ry_3 = 0.0
rz_3 = 0.0
sx_3 = 0.99995636940002
sy_3 = 0.99995636940002
sz_3 = 0.99995636940002